25774
1000
115
116
117
117
117
117
117
117
117
117
117
117
117
117
118
118
118
118
118
118
119
119
119
120
120
120
120
120
120
120
120
120
120
121
121
121
121
121
122
122
122
122
123
123
123
123
123
123
123
123
123
123
124
124
124
124
125
125
125
126
126
126
126
126
126
126
126
126
126
126
126
126
127
127
127
128
128
128
129
129
129
129
129
129
129
129
130
130
130
130
131
131
131
131
132
132
132
132
132
132
132
132
132
132
133
133
133
133
134
134
134
135
135
135
135
135
135
135
136
136
136
136
137
137
137
137
138
138
138
138
138
138
138
139
139
139
140
140
141
141
141
141
141
141
141
141
141
142
142
142
142
143
143
143
144
144
144
144
144
144
144
144
144
145
145
145
146
146
146
147
147
147
147
147
147
147
148
148
148
148
149
149
150
150
150
150
150
151
151
151
152
152
152
153
153
153
153
153
153
153
154
155
155
156
156
156
156
156
157
157
157
157
158
158
159
159
159
159
159
159
159
159
160
160
160
160
161
161
162
162
162
162
162
162
163
163
163
164
165
165
165
165
165
165
166
166
166
166
168
168
168
168
168
168
168
168
168
169
169
169
169
170
171
171
171
171
171
172
172
172
172
173
174
174
174
174
175
175
175
175
176
176
177
177
177
177
178
178
179
179
180
180
180
180
180
180
181
181
181
182
182
183
183
183
183
183
184
184
185
186
186
186
186
186
186
186
187
187
188
188
189
189
189
189
189
189
190
190
191
191
191
192
192
192
192
193
193
193
194
195
195
195
195
195
196
196
197
197
197
198
198
198
198
198
199
199
199
200
201
201
201
201
201
202
203
203
203
203
203
204
204
204
204
205
205
206
207
207
207
208
208
208
209
209
210
210
210
210
210
211
211
212
212
213
213
213
213
213
214
215
215
216
216
216
217
218
218
219
219
219
219
220
220
221
222
222
223
224
224
225
225
225
225
226
227
228
228
228
228
228
229
230
231
231
231
232
232
232
233
234
234
235
235
237
237
237
238
238
239
240
240
241
241
242
243
243
243
244
245
246
246
246
246
247
248
249
249
249
249
250
251
252
252
252
254
254
255
255
255
256
257
258
258
258
259
260
260
261
262
263
263
264
264
264
265
265
267
267
267
267
268
269
270
270
270
270
271
272
272
273
273
273
274
274
275
276
276
276
276
278
279
279
280
282
282
283
283
284
284
284
285
285
285
286
287
287
288
289
289
291
291
292
292
293
294
294
295
296
297
298
299
299
300
300
301
301
303
303
303
304
305
306
306
307
307
308
309
309
310
311
312
313
314
315
316
316
317
319
320
321
322
324
325
325
326
327
327
328
329
330
330
330
332
333
334
335
336
336
337
339
339
341
342
343
345
345
345
347
348
349
350
351
352
353
354
354
355
356
357
357
358
359
360
361
362
363
364
365
366
367
368
369
369
371
372
373
373
375
375
377
378
379
379
381
381
382
384
385
386
387
388
388
390
390
391
393
396
397
399
400
402
402
403
405
408
408
408
409
411
411
412
414
414
416
418
420
423
426
428
429
429
430
432
432
433
434
435
436
438
439
442
443
447
447
448
449
452
453
454
457
458
459
461
463
465
466
468
469
471
472
473
476
478
479
480
482
486
490
492
494
495
496
499
501
503
505
507
509
510
511
512
515
517
519
520
521
521
525
525
526
528
529
531
533
535
536
540
541
543
545
549
551
554
555
558
562
564
566
569
570
570
574
578
580
581
582
582
588
591
592
596
600
600
602
604
606
607
609
614
615
617
619
620
623
625
627
630
630
632
638
642
644
648
649
651
655
656
660
662
669
669
673
676
681
684
687
691
699
701
704
706
711
712
716
721
726
729
732
735
741
743
750
754
759
765
774
780
784
790
792
794
799
807
811
815
820
821
823
825
828
834
840
843
853
855
858
862
866
870
880
885
889
898
906
907
915
924
928
931
936
942
943
954
964
972
980
989
993
1001
1012
1018
1024
1031
1041
1046
1057
1065
1072
1080
1088
1096
1100
1105
1116
1121
1138
1144
1148
1150
1152
1170
1181
1195
1210
1217
1228
1242
1251
1277
1281
1290
1302
1316
1342
1356
1361
1381
1392
1398
1401
1410
1421
1428
1437
1443
1458
1464
1472
1493
1510
1525
1554
1578
1589
1628
1659
1682
1693
1706
1732
1772
1781
1811
1842
1869
1895
1926
1969
2016
2030
2050
2071
2083
2100
2149
2170
2211
2250
2270
2282
2401
2419
2460
2481
2543
2564
2628
2672
2730
2780
2824
2850
2902
2970
2985
3054
3120
3144
3207
3365
3419
3447
3565
3611
3685
3780
3931
3946
4018
4046
4231
4346
4540
4692
4864
5086
5308
5458
5596
5904
6135
6380
6555
6806
6864
8062
8847
9525
12829
23212
